0,492
0,472
49,2
51,49
51,48
51,47
51,46
51,45
51,44
51,43
51,42
51,41
51,40
51,39
51,38
51,37
17,2
17,1
17,3
15,2
15,1
15,3
16,2
16,1
16,3
13,2
14,2
4,40
4,39
4,4
4,75
4,24
4,14
4,8
4,65
4,77
4,6
4,1
4,18
4,2
4,3
6,6
6,1
6,7
6,2
6,3
7,4
7,2
7,3
5,4
5,2
5,1
5,3
46,1
46,3
44,1
44,3
41,1
41,3
39,1
39,3
47,1
47,3
35,1
35,3
37,1
37,3
30,1
30,3
0,273
0,270
51,36
51,35
49,1
49,3
48,2
48,1
48,3
27,1
27,3
3,2
3,1
3,3
10,289
10,283
10,21
10,179
10,167
10,305
11,25
11,15
8,18
8,17
8,16
21,3
21,2
21,1
21,0
20,3
20,2
20,1
19,3
19,2
19,1
12,3
12,2
12,1
11,29
11,27
11,19
11,17
11,13
11,12
11,11
18,1
11,9
18,3
